% MATPOWER case14 (IEEE 14-bus)
function mpc = case14
mpc.version = '2';
mpc.baseMVA = 100.0;

%% bus data
mpc.bus = [
	1	3	0		0	0	0	1	1.06	0	132	1	1.1	0.9;
	2	2	21.7	12.7	0	0	1	1.045	-4.98	132	1	1.1	0.9;
	3	2	94.2	19.0	0	0	1	1.01	-12.72	132	1	1.1	0.9;
	4	1	47.8	-3.9	0	0	1	1.019	-10.33	132	1	1.1	0.9;
	5	1	7.6	1.6		0	0	1	1.02	-8.78	132	1	1.1	0.9;
	6	2	11.2	7.5		0	0	1	1.07	-14.22	132	1	1.1	0.9;
	7	1	0		0		0	0	1	1.062	-13.37	132	1	1.1	0.9;
	8	2	0		0		0	0	1	1.09	-13.36	132	1	1.1	0.9;
	9	1	29.5	16.6	0	19	1	1.056	-14.94	132	1	1.1	0.9;
	10	1	9.0	5.8		0	0	1	1.051	-15.10	132	1	1.1	0.9;
	11	1	3.5	1.8		0	0	1	1.057	-14.79	132	1	1.1	0.9;
	12	1	6.1	1.6		0	0	1	1.055	-15.07	132	1	1.1	0.9;
	13	1	13.5	5.8		0	0	1	1.05	-15.16	132	1	1.1	0.9;
	14	1	14.9	5.0		0	0	1	1.036	-16.04	132	1	1.1	0.9;
];

%% generator data
mpc.gen = [
	1	232.4	-16.9	10	0	1.06	100	1	332.4	0	0	0	0	0	0	0	0	0	0	0	0;
	2	40.0	42.4	50	-40	1.045	100	1	140	0	0	0	0	0	0	0	0	0	0	0	0;
	3	0.0	23.4	40	0	1.01	100	1	100	0	0	0	0	0	0	0	0	0	0	0	0;
	6	0.0	12.2	24	-6	1.07	100	1	100	0	0	0	0	0	0	0	0	0	0	0	0;
	8	0.0	17.4	24	-6	1.09	100	1	100	0	0	0	0	0	0	0	0	0	0	0	0;
];

%% branch data
mpc.branch = [
	1	2	0.01938	0.05917	0.0528	120	120	120	0	0	1	-360	360;
	1	5	0.05403	0.22304	0.0492	65	65	65	0	0	1	-360	360;
	2	3	0.04699	0.19797	0.0438	36	36	36	0	0	1	-360	360;
	2	4	0.05811	0.17632	0.0340	50	50	50	0	0	1	-360	360;
	2	5	0.05695	0.17388	0.0346	30	30	30	0	0	1	-360	360;
	3	4	0.06701	0.17103	0.0128	30	30	30	0	0	1	-360	360;
	4	5	0.01335	0.04211	0.0		50	50	50	0	0	1	-360	360;
	4	7	0.0		0.20912	0.0		50	50	50	0	0	1	-360	360;
	4	9	0.0		0.55618	0.0		32	32	32	0	0	1	-360	360;
	5	6	0.0		0.25202	0.0		50	50	50	0	0	1	-360	360;
	6	11	0.09498	0.19890	0.0		20	20	20	0	0	1	-360	360;
	6	12	0.12291	0.25581	0.0		20	20	20	0	0	1	-360	360;
	6	13	0.06615	0.13027	0.0		20	20	20	0	0	1	-360	360;
	7	8	0.0		0.17615	0.0		50	50	50	0	0	1	-360	360;
	7	9	0.0		0.11001	0.0		32	32	32	0	0	1	-360	360;
	9	10	0.03181	0.08450	0.0		20	20	20	0	0	1	-360	360;
	9	14	0.12711	0.27038	0.0		20	20	20	0	0	1	-360	360;
	10	11	0.08205	0.19207	0.0		12	12	12	0	0	1	-360	360;
	12	13	0.22092	0.19988	0.0		12	12	12	0	0	1	-360	360;
	13	14	0.17093	0.34802	0.0		12	12	12	0	0	1	-360	360;
];